54937.781831000000 19.871124 8.193743
54937.844194999998 19.971123 8.466207
54938.717284999999 20.852714 8.261821
54938.779610999998 17.669514 8.604857
54940.650506999998 18.595894 7.477445
54940.712869000003 18.523094 8.536574
54940.775242999996 19.487093 7.414858
54940.837636999997 22.179092 7.668293
54941.773045000002 19.186283 8.331322
54941.835407999999 19.199882 7.604822
54942.646121999998 18.944674 8.537540
54942.770852000001 19.317473 8.468686
54942.833221000001 19.849472 8.468718
54942.895591000000 20.467871 7.170427
54943.706303999999 20.126263 8.607296
54943.768652999999 18.930262 8.469189
54943.831008000001 18.252662 8.129677
